0.0351938192708
0.144209041704
-0.14486544633
0.00750158493066
0.272241635844
0.274559905888
-0.259402106151
-0.202828083737
-0.310752637098
-0.041008143242
-0.325711315442
-0.0299068194189
0.103330027246
-0.153468512391
0.122112978125
0.0629516065136
-0.329795026018
0.0407753082533
-0.166794797502
-0.0588196161121
-0.149978222775
0.133809874954
-0.0412548745584
-0.237729004271
0.0309337470957
0.194207765698
-0.134155280049
-0.192633228669
-0.0776157895287
0.30233546126
0.329779302357
0.119430914031
0.279091657204
0.239543230336
-0.0845282076978
-0.282520343639
0.106286191042
0.0400732556821
-0.0959107455734
-0.190487826772
-0.0647649017328
-0.0215188269294
-0.159878281219
-0.144250197418
-0.0293157224895
0.24978522203
0.0597577651355
-0.150004009089
-0.15382169558
-0.0314387482952
-0.204097700211
-0.206890897878
0.00972377467643
-0.285975882058
-0.0113722767785
-0.0954871210543
0.143889512415
0.170950797995
0.132393059848
0.131068035368
-0.0875724028178
0.116487209729
-0.110956100371
0.050433072437
-0.120684341019
-0.0380046246889
-0.303781667781
-0.178279697125
0.32673586995
-0.186656738567
0.132659510987
0.104253425516
0.155149586924
-0.0172591168273
0.0669706275447
-0.300012383592
-0.296137637748
-0.2085555267
-0.241197776511
-0.277055837164
-0.25683274447
0.0369118953612
-0.216288233841
0.313224929238
0.125824331259
0.0284192633476
0.143538930777
-0.163584112902
0.295644226409
0.234999843874
0.156798748008
-0.0136901600079
0.237016039748
0.169569383777
0.111077046261
0.286810478212
0.092606219081
-0.0928790873073
0.0366117942403
-0.210353706928
-0.12888254415
0.0944535841666
0.119259705541
0.197595856066
0.146898407069
0.0182463209915
-0.171692237334
-0.00465708192285
0.179111929723
0.12038204053
-0.00623878282523
-0.0187177366663
-0.11803651061
-0.135101714502
-0.178458987719
0.164235408932
0.0586706516
-0.14928256796
-0.0359420114895
-0.1887195867
-0.12164122186
0.0965624386685
0.0632521429718
-0.00879859293168
-0.0942651833659
0.0637126942695
0.191046059207
-0.0269877463709
-0.179920207707
-0.185110629473
-0.174588527458
0.192409553162
0.0170603690667
0.141244247816
-0.138106821195
-0.100307105801
0.0803518158969
0.16556519496
-0.0666795263781
-0.182205190123
0.152401582641
-0.0875299328956
0.100904574427
-0.143129351726
0.0816015682996
0.142900520506
0.0950740627587
-0.0589702726793
0.0948805565807
-0.150900337127
-0.0779256488448
-0.0336584814904
0.157881368561
-0.144926365291
0.15910049498
0.12513093697
0.197397436406
-0.0553726601913
-0.123496888443
-0.108583790129
0.137226340743
0.194720340842
0.083211539896
-0.0073258292772
-0.0891299086889
0.139664417922
0.155775012645
-0.170712532557
-0.11888879894
0.138857962072
0.145781921754
-0.0775766285076
-0.0923758191708
-0.0289572385816
0.0165102563114
-0.169274726535
0.141013923346
0.0145382127336
0.115087246606
-0.112657959901
0.194747631227
0.105066993451
-0.0656727592648
0.187730378218
0.0839238168653
0.142541182953
-0.190231222648
-0.185985372648
0.101597215868
-0.0817481153329
0.00702506382663
-0.143870697045
0.200046055674
0.00115144567768
0.1377027644
-0.17828565564
-0.00882489665136
-0.183207075983
0.160823507032
-0.02268104478
-0.180582596359
-0.17725666107
0.0162365918988
-0.177645859627
-0.132356484031
-0.0266376191998
-0.000927991784451
0.03487004082
0.0504403494713
-0.0532345005684
0.0496969669146
-0.143459584607
-0.0939604929578
0.125027953794
-0.145198801509
-0.11580263401
-0.107575985256
-0.00857717788935
-0.208961995117
-0.196587270665
-0.0160939466792
-0.141251313938
0.0751301324267
0.123557308402
0.0327151224636
0.0815185041015
-0.0456393113928
-0.189896845798
-0.0253550002288
-0.0535823924593
0.04060051921
-0.153097276864
-0.113965239888
0.131751570971
-0.0986410945234
-0.0375353046025
0.182475310364
-0.0939420820383
-0.14846320095
0.0845551339902
0.0280705748362
0.0467073838055
-0.191682100619
-0.0346277810156
-0.207488324164
-0.106087088763
0.0862444166832
-0.183516284428
-0.0859306386552
0.20429864763
0.197229152104
-0.00759815886998
0.0986490105934
0.055522817444
-0.0143590985238
0.149449464048
-0.137066851502
0.137464545162
-0.191665914334
0.153587757231
0.0736630309289
-0.0226375445784
0.0718103949614
-0.0165876859646
0.117194806598
-0.161792230268
0.00341427605057
0.155486227684
0.17894155063
-0.117052686959
-0.103829091565
0.169098637763
-0.064658418779
-0.18547012617
0.0899404005595
-0.0358198208034
0.098494483053
-0.00958825246822
0.00023671171437
-0.0345043027859
-0.0876921411116
0.167716757708
0.0706457139674
0.120890218083
0.165636014528
-0.104557934491
0.175715105142
0.151767657214
0.00254697468043
0.0284203235191
-0.16116936622
0.10970807757
-0.136771040557
0.0141620094513
-0.156353942623
-0.178754723584
0.0456332254924
-0.00368191306729
0.0731663597267
0.12173645518
0.202027915491
-0.174082225653
0.0549185756126
0.0322176934269
0.0630509914302
0.0180726772106
0.0240110089788
0.154257828333
-0.0200854450549
0.0146389607177
0.0799274884764
-0.171816076552
-0.0284925259769
-0.166525951596
-0.151593968067
-0.208384383544
-0.121501809092
-0.118600925173
0.00679909616891
0.0293855222863
0.135593324862
-0.00556200618892
0.163842564464
-0.0439221032615
0.102381647573
0.0220814500388
0.051826749906
-0.0961019851487
0.183154543323
0.112863459021
-0.148335514401
0.0156680830617
0.207510398273
-0.188741598935
-0.082529375069
0.100791970328
-0.192799374219
0.103243707542
0.0307303345825
0.0969799618893
0.0212758845846
0.183911475092
-0.0642882698616
0.0311690482722
-0.188020170031
0.0223642092813
-0.0337379273687
0.202226430805
0.186508080536
-0.151397450566
-0.191855885736
-0.158765716248
-0.128600161773
0.0946621761233
0.0184068873057
0.014617931149
-0.0148429785842
-0.206472179782
-0.0450056723954
0.208829718569
0.134057263893
0.0304957094945
-0.127044840107
0.175986663536
-0.0317480227365
0.0499441991118
-0.124263715443
-0.071962750041
-0.0648944278952
-0.044051400867
-0.19996891885
0.0671129482402
-0.138125039018
0.0432361251798
0.0500501225165
0.0828326484458
-0.0870867992277
-0.087044609366
0.106951367814
-0.0467835466556
-0.145460829242
0.169622839777
-0.203798247149
0.161762300532
-0.086950524203
-0.0494619006565
0.200235550271
-0.0265042458149
0.0903569842223
-0.0366720232603
0.173084613516
0.0918673234778
-0.00808141456676
-0.174023223808
-0.0570757805949
-0.00393154654571
-0.0904632275449
0.0144987181483
-0.121524983253
-0.00237334517819
0.0117215202107
0.0725593419244
0.102697399394
0.0962550644609
-0.0317611430112
-0.0184360665323
0.156330674154
-0.0574298493448
0.0996281805298
0.206790883235
0.177802726436
0.0206079956845
-0.0815702516899
0.0511937169197
0.0771391064023
0.0112849995922
-0.0663496492437
-0.018656122265
-0.175040674795
-0.0873584289886
-0.148627775667
0.0696801875535
0.192211560794
-0.143463759758
-0.197431602933
0.101019575872
-0.0610391704482
0.00249717353368
-0.183722478257
-0.134870857647
0.0818287799621
0.0440357011371
0.147919582886
0.193755614737
-0.0587578284631
0.0503297796436
-0.0218995178137
0.00234259790135
-0.0454117288733
0.199812429382
0.0517483691157
-0.149888160959
0.0827588563312
0.194941379733
0.165263446296
0.0242774967889
-0.203115187677
0.127885825578
0.180754727709
0.0979105225117
-0.0297365310146
-0.0498737233754
0.102378850236
-0.164133164028
0.119158895663
-0.000500073533774
-0.179925854741
0.135209948909
-0.045325625697
-0.164587774809
-0.136531029601
0.150439825423
-0.1369732862
0.118972481991
0.127287204973
-0.17306202958
-0.0270438226869
0.120189832338
-0.0041599989273
0.153195212267
-0.0503424379239
0.0537057515615
-0.119905538421
0.143250746911
0.142037335176
0.0275548332639
-0.0740459881406
-0.0638000385621
0.0396292783598
-0.155528661518
0.0043833867311
-0.0856239381961
-0.0663070730898
-0.0745689205831
0.140019890487
-0.13581859041
-0.110309360046
-0.140433371832
-0.202953632523
-0.0311379962793
0.143958556887
0.168569921903
-0.00528807775171
-0.0329077728549
0.154095681708
0.0119264338232
0.0203695518303
0.0624942142137
-0.175952277635
0.141680853778
-0.165015486467
0.0135281207241
0.17830546916
0.020386142266
-0.0660436015371
0.0948559108694
0.167843863612
0.0486500873951
-0.185882995091
0.158549605438
-0.201749604463
0.074601687573
0.167438488418
-0.143375496021
0.0117884605459
0.0858252015222
-0.135813979111
-0.10664705765
-0.181411291939
-0.142723839842
-0.159817526537
-0.0876262045639
0.104877019324
0.0810662603757
0.109911735153
0.0668270343988
0.123151153685
-0.146928655989
0.0227328495175
-0.200292093886
-0.00348905967167
0.143736456451
-0.0115991708962
-0.0855570936754
-0.0943177129594
-0.0445580221279
0.173204815482
0.198515699286
0.103960242347
0.204046397259
0.109759374348
-0.0903058543285
-0.027171285775
0.0933986488973
0.0876188594176
0.0745538947476
-0.0050694110988
-0.149366356626
0.192380834641
-0.117141875235
0.200645389375
-0.15594106873
0.201043549658
-0.0518513523363
0.130141916471
-0.206221928115
-0.0230198118395
-0.105079934946
0.0814181467276
0.068234530149
-0.0159390427025
0.0864870402757
0.200175472571
-0.170245438243
0.0262329424122
0.0736481567757
0.0557583788107
-0.0995088365854
0.156936184782
-0.106507440952
0.144382987093
-0.012251481266
-0.149382934583
0.135663818536
-0.176550981173
0.123467338051
0.041859920062
0.157650104895
0.126905663569
-0.0410299522353
-0.152689617977
-0.0978600963274
-0.208720487772
0.0642066324452
-0.173482981934
-0.134233145162
-0.106739580616
-0.0393006241929
0.0781847565454
-0.0232429933734
0.00157816304043
-0.170262088839
-0.0677305354552
-0.122773312657
0.100090557953
-0.201885564231
0.048884715271
0.0828251896001
0.00194332582668
-0.190658060141
-0.104179736647
-0.1097325783
-0.0972005961226
-0.0991163977845
0.19785415169
0.121864978258
0.163614929857
0.0893612233337
-0.0641794325231
0.184936894434
-0.00650626706
-0.131660596882
0.0960564540266
-0.100742386505
0.135101209375
0.100651984492
-0.0878112515659
-0.0168914047529
0.0900285675399
0.0703225473689
0.0111243647271
-0.119644926375
-0.0734999707656
0.081530268363
-0.0180046474546
0.0911849445418
0.0770614036957
-0.0604167138976
-0.167796690116
0.0756677844709
-0.0604453104986
0.0271908936468
-0.156957542794
-0.14815712439
-0.0318770242216
0.070893183541
-0.160109417635
0.11486933755
0.147062754914
0.072250972046
0.104473375904
-0.109458572867
-0.167307469169
-0.071517450612
-0.156728761269
-0.0349529924782
0.109293091372
-0.0916213974469
0.148938018049
-0.0196781723183
-0.141508916016
0.0595510255698
-0.0257306233195
-0.0710571061415
0.00685802013631
0.205537415581
0.105425181147
-0.0864059225487
0.178904105672
-0.132191818787
-0.0384469594409
-0.0533253428311
0.203287411193
-0.20738287767
0.062474824783
0.00362515853411
-0.144007980012
0.0592991105059
0.128853443856
0.111744653677
-0.176784064812
0.123513296076
-0.0644952021191
0.147578692715
0.025989865008
-0.175818478603
0.102439897737
0.0266173056832
-0.0203299739979
0.0579515068533
-0.0235608805903
-0.193819018071
0.172736662055
-0.0888136524679
-0.0923551166329
-0.188462079802
0.0909903823263
0.171376234596
-0.0155054245743
0.131476086597
-0.0716490627466
-0.0482438451674
-0.0871736026158
-0.0858280842787
0.0256524505214
-0.0728518208966
-0.181735198927
0.0796363908687
-0.0800943242423
-0.0450838197798
-0.142692310818
-0.0611793299514
-0.0391614457464
-0.163681446782
0.00721291097372
-0.0896317751548
-0.0673804629855
0.162215629804
-0.222983230289
0.222447995335
0.0741340699352
0.15696671563
0.0713864008369
0.10695847806
0.185419863476
-0.0995296498332
0.0663213787879
0.0712986047473
-0.161972330377
0.0152102521638
0.0448404628688
-0.144767375436
0.213480063173
-0.0745200458997
0.0854009759307
0.053228318203
-0.113300467675
0.00926722055631
-0.216264290819
0.0258906619126
-0.112334613262
-0.142289800635
-0.141162891275
-0.165195130606
0.039195809477
0.172897878485
-0.173038091832
-0.153803880052
-0.0645665318004
-0.168789726055
-0.112826377698
-0.148182319914
0.0098238918613
0.170683396589
0.0994492794584
-0.177179319449
0.176745814719
0.220397468846
-0.0890711050553
0.214575237016
-0.00451160303049
-0.170910383854
0.136493023637
0.0743980148033
0.209996269785
-0.112413309209
0.138421286935
0.167178009537
-0.112992826237
-0.0548459671112
0.06276456847
-0.0448789947858
0.0764415367944
0.134429686983
0.221435348808
0.197091767893
-0.133806196727
-0.104821783498
-0.0512771021148
-0.0465819436151
-0.0475760112332
-0.205426142595
-0.177815454453
-0.0979908707748
-0.171940745443
0.00247125019199
0.0244886412918
0.0226542189153
0.191613524282
0.0567129765528
0.0478277982896
0.192820584582
-0.164698662584
0.125177780973
-0.143191128199
0.179905735691
0.218375397565
0.0327400737232
-0.204769353529
-0.149712028869
-0.102233789399
0.213172453313
-0.0217313174119
0.168105101769
-0.216646330838
-0.0993833915342
-0.204975428378
0.084051526232
-0.213418722637
0.192757033906
-0.21771767802
-0.139175655675
0.157322028493
0.119301358808
-0.202609219119
0.223534865868
0.199371389705
-0.184864219697
0.0453468045956
-0.136077052247
-0.0926807958459
-0.0748595480068
0.112017047775
-0.0662626555538
0.180880225047
-0.10749908213
-0.218948603368
0.115212241422
-0.146407460969
0.20219772556
-0.220172004309
0.129376057033
0.206143916378
0.0858372314233
-0.0889151889022
0.0210486833529
-0.172655708212
0.0291188072823
-0.146821662934
0.116395645357
0.0880328909676
-0.166441121994
0.219606807239
0.0591225812824
-0.0206908338064
0.182109968833
0.0274697206955
-0.0710278915814
0.136217237923
0.0912091909025
-0.120069697462
-0.0650783084139
-0.224432184353
0.179774080728
-0.170718726395
-0.0662624633141
-0.00997769031976
-0.125210613828
0.125220546091
-0.128783620941
-0.171969706388
0.0541223609292
-0.0397343928535
0.200187535403
0.0673187873529
0.0187171309813
0.0771516720059
-0.0593110497055
0.11040835092
-0.0280483695274
0.178905005503
0.137239195587
-0.193764654476
-0.102226430802
0.20324973444
-0.038663676472
0.0361995905406
0.120507570686
-0.116752700468
-0.0432716646129
0.107659247318
-0.21137560122
-0.227006377658
-0.169650209578
0.19033764022
-0.0929344855491
-0.118520428344
-0.139456507523
0.156518810695
0.164665004151
0.219290524064
-0.216554869991
-0.108597415691
0.193951545662
0.136059675533
0.223864625885
0.16030539428
0.104157331965
0.139700582127
-0.117260940637
0.156457658161
0.154624535083
0.0701769964522
0.031303873063
0.00745929336765
0.0253354511692
0.145766557323
0.213036145967
0.0130669321204
0.00607892461414
-0.0517735230169
-0.00917895564305
-0.121552806376
0.204293488288
0.112644222057
0.0674148093666
0.192770829119
-0.0829870267926
-0.00522517462709
0.0718063404902
-0.105560942309
0.10891517699
-0.0690732864628
0.0106409077318
0.0559260104393
-0.177176383085
0.168826385316
-0.0699748930756
0.215345632284
-0.0207669891983
0.0168845534125
0.168904689159
-0.196229671008
0.123066914193
-0.148495109739
0.189348068931
0.172796525577
-0.114443089662
-0.188741194686
0.143048325575
0.07758357388
-0.107899240924
-0.192584761063
0.210472838754
-0.0407260559388
-0.0368763448915
0.043382809771
-0.0130107203442
0.148355998271
-0.15091014985
0.156556713124
-0.13549732296
-0.0934042594397
0.137972219613
0.098937382792
-0.0349906642903
0.129264584738
-0.0169230091577
0.0314796506365
-0.0261049662357
-0.0141499698362
0.137396258086
-0.00615091264705
0.209977392425
0.20787120441
0.0449724796419
-0.168488660261
0.0604267841689
0.084297934311
0.00509570672534
0.00721237404438
-0.0677108576946
-0.135938581146
-0.189793986348
-0.0957001775362
-0.119808143526
-0.124962742917
-0.219001911299
-0.0333306458117
-0.0361156596294
0.0635601827745
0.162684526703
-0.091329388288
0.157266382508
-0.119752090577
-0.203867646391
-0.0740129531816
-0.0915932091234
0.16271333134
-0.168940597729
0.188849654815
0.0505631276795
-0.0273591018569
0.0366023751726
-0.227110129544
-0.109005467177
-0.156102660399
0.21440403533
-0.0349276706278
-0.188788362867
0.00341627740182
-0.101244180638
0.0857597445369
-0.19129074411
0.0542519764031
0.00135655351149
0.21914278446
-0.128265007741
0.0341111262028
-0.0386554843067
-0.0822655273405
0.185855188591
-0.00699820667288
0.0297980882596
-0.00794268488235
0.0603151682109
-0.122267975581
0.121763491571
0.140554575494
-0.0549684745193
0.0270459650442
0.0395432581755
-0.0481027374203
-0.180740370523
-0.173945765766
0.127615049118
-0.211751133068
-0.224813238954
-0.1960319336
-0.0529124662629
0.186812306595
0.0313627613378
0.183259055918
0.172883441198
0.111004527349
-0.107995816926
-0.0562366035671
-0.159690802541
-0.0638411338008
0.0630653238486
0.0855423439105
-0.217662961104
-0.0832395887719
0.017205730431
-0.0592439272825
-0.128453419775
-0.012113583015
0.0735269883514
-0.0174622619547
0.0230887888657
-0.192422924752
0.145190369635
-0.216341028593
0.0529907514866
0.0635024676771
-0.0571656197962
0.0901571863761
0.168193419007
-0.0505587483957
0.146405665675
-0.0604509761205
-0.114959253799
-0.219998358703
0.0299111877835
-0.156732308101
0.170740028663
0.107474624994
0.177635259531
0.128408864617
-0.163841753061
-0.115712693094
0.0760583538447
0.00972050689778
-0.0793114419691
-0.0841724252283
0.119590806036
-0.225892861537
-0.189187471768
0.0956959855753
-0.0103702545
0.0958510951531
-0.130347690982
0.0591353003498
-0.20351873226
-0.112608796671
-0.0972769570583
-0.134949325919
-0.0452495705886
0.127942391492
-0.170930975523
-0.0736238859647
-0.0857369633657
0.0208896675125
-0.0142019401975
0.196676591429
-0.191887067864
0.187367120225
0.0555566589304
0.0715975288837
0.129858764767
0.116871814583
0.190794890733
-0.00827949845562
-0.0257425999766
0.224428079761
0.148943129834
-0.108427671106
0.105630320831
0.0879436574638
0.0707005360393
-0.0707035474336
0.214719683128
0.0705383607269
0.0997812048328
0.0585755373989
0.111891831061
-0.17122731888
0.0914208621012
-0.0463877197612
-0.0631220907455
-0.11280121119
-0.12593422708
0.172411394514
-0.158282279574
-0.209833022031
0.209014013612
-0.0193976474392
-0.0867735026615
-0.173892184394
0.0121439967934
-0.0225857236846
0.0273340444578
-0.19798651282
-0.144211072935
-0.115130761195
0.0918583027022
-0.112508828256
-0.205208346236
-0.208060215044
0.106195239502
0.160692502232
0.173101286599
-0.162167812591
0.144498493182
0.0701852240801
-0.0591453735984
0.0798207554547
0.0305240456462
-0.162312145096
0.140830741199
0.173330376027
0.0164732730042
0.0205191821055
-0.116864343395
0.0548785677911
-0.0917294257329
0.0523084541872
-0.224579233818
0.00743453429444
-0.146803396563
-0.165212065941
0.0154980334793
0.121339858316
0.132632563636
-0.162449312522
0.207465300774
-0.0705049020689
-0.167859788722
0.0936616455702
-0.0386504364242
0.100189075872
0.14936948542
0.109140828187
0.164142734521
-0.0128141562108
-0.0265736216485
-0.042284529208
0.0997891195121
-0.0698856355423
0.0201243943995
-0.129197132241
-0.00802235236216
0.0165277062452
-0.17787940417
-0.0947130872257
0.0236837766363
-0.0711192766054
-0.0443339045466
0.123883829237
-0.071178708057
-0.218821509437
0.123267627549
0.0959154828606
0.163245665672
-0.203884774817
0.203450585904
-0.096302837311
0.0276961458175
0.192251860848
0.174180310666
0.225098454923
0.147335716152
-0.0968317494251
0.176674866385
-0.174558225491
0.15684197439
0.208839379151
0.0488185858097
-0.0906177990848
0.0587367887975
-0.0569073927213
0.135945468249
0.0893962518529
0.0741162664143
0.0619774103859
0.131039476951
-0.16704588793
0.15767138394
-0.0374976544772
-0.139204664716
-0.0148267907069
-0.0255850400906
-0.0841018015609
0.214328937081
-0.0763198644378
-0.0401493135604
-0.122847453387
0.00819082170897
0.093668338942
-0.138457323097
0.125719344508
-0.0538209342963
-0.0500941462376
0.224094763168
-0.217646892521
0.0114608259738
-0.212087966851
-0.0935223249859
0.18677968171
-0.0880180667198
0.195847284096
-0.19963408025
0.20611809465
-0.0421304314902
-0.161783948585
-0.00172041774235
0.0785317830441
-0.157637610503
-0.0425328678904
0.168487006721
0.0462256111118
0.0255658174667
0.165965472812
-0.12408106284
0.173778206785
0.101367694901
-0.0989053812806
-0.193956340996
-0.185130275457
-0.217655093463
-0.109234648405
0.153890854762
-0.0790235604249
0.0475583541208
-0.154689360911
-0.075731290841
0.0848337079779
-0.164432851612
0.202627159908
-0.140824195446
0.111318884027
0.204256970902
0.0492255664229
0.134597471018
0.0947053898636
0.0605366167189
-0.195213026024
0.117678445541
-0.19635867854
-0.198467316365
0.0917619661538
0.194811665408
-0.0327745191813
-0.162944097568
0.120943635086
-0.0145936637997
0.147781780872
0.0914546133058
-0.0892288837492
-0.178168755236
0.0934493601602
0.09919038803
0.08469134796
-0.18474233065
-0.0720054845813
0.036232543035
0.136910045407
0.0830201405923
0.153658397524
0.208678191312
-0.107070983518
-0.0546292976924
0.224412224913
-0.223756916938
0.138200300316
0.178925438153
0.188221222342
0.0435280672102
0.0362877587212
-0.197454044875
-0.0466693283579
-0.0138591163557
-0.0936825139038
0.208606425252
0.00529020080404
0.0239683758097
0.184629088443
-0.0506179112932
0.142419784352
-0.171231484826
0.132721090969
-0.0906411236079
0.172833232699
-0.178633964964
0.0957534589899
0.187841576457
0.222584609015
0.108782210193
0.200935073155
-0.0274819478762
-0.0902515678076
-0.147371959671
-0.206914586484
-0.18172147738
-0.128463230605
0.00546128845034
0.0172521061412
0.169172140679
-0.00112051248503
-0.156610852746
-0.0986037214702
-0.153998861145
-0.0229788558744
0.14875453402
0.000803511879325
0.184555492372
-0.126944103958
0.0865579381597
0.170241683685
-0.180615859892
0.0948210230516
-0.0872829928182
0.0571777127008
0.199250581013
0.0271165313225
-0.148846427249
-0.218842896892
-0.0693770691562
0.0769583807336
0.113942745064
0.0661046803192
-0.205699659407
0.129174363381
0.092983244456
-0.135565007572
0.0896902243006
0.1666847031
0.0136087766916
-0.153847454523
-0.154016027109
0.101829725493
-0.183619772613
-0.118942411488
-0.060953323581
-0.0883201117592
-0.0931431943326
-0.10716237073
0.182352723097
0.079159075518
-0.119541622087
-0.129062411621
0.023008857056
-0.218996701707
0.0675810121989
0.06602387011
0.0271382054339
-0.0736807095958
0.0338611133174
-0.106195389452
-0.178225376543
-0.00212294888672
0.182213537363
0.039562550549
-0.203417175514
0.158665841895
-0.102578653752
0.0813664685333
0.199225907692
0.0647301280546
0.221560898751
0.0849959284322
0.0239330095254
0.0578397568577
0.0847569794741
-0.0296144653175
0.2086244662
0.200199103585
-0.21826652853
0.132510617641
-0.168093656557
0.212396370828
-0.0633286173664
0.203569110036
-0.0506736016235
0.0166708926161
-0.140573165384
-0.102604222543
-0.128575854677
0.00963984942683
0.214836901505
-0.0979949396017
-0.031746829776
-0.158595009863
-0.132702965547
-0.196788179159
0.0425240023533
-0.0167032677127
-0.0872310868785
-0.0458106365596
0.0446096314133
-0.207292459483
0.0998743557809
-0.182262793538
0.0702333728268
-0.104926698415
-0.142872976718
-0.215800393503
-0.0195358665196
0.0122148744293
-0.132425875203
0.148435570491
0.0515462752159
-0.0633197750315
0.0322306792677
-0.138538351367
0.196585347284
0.164340479105
0.0713430362695
0.00171852224154
-0.169856052385
-0.158277894058
-0.0109397977921
-0.210966013746
-0.0476921074783
-0.185886796277
-0.104893614001
0.111363247204
-0.219233271818
0.194994369999
-0.194792682672
-0.113349520762
-0.101812273581
-0.0174823661764
-0.19893288109
0.0327787861102
-0.0165863232904
0.190721748181
-0.191900209213
-0.200442071779
-0.0236677226044
0.225484864085
-0.15876383638
0.0571238653632
0.0746334938944
-0.011503338823
-0.190532676311
0.140866236793
0.0423253910116
-0.148753752515
-0.126987309939
-0.113713867738
0.0603764658031
0.143042121769
-0.0596076685402
0.0693471760538
0.121272874873
0.149561553712
0.172997982195
0.0580737775012
0.0703698695355
0.14226427313
-0.132800516969
0.205722069887
-0.0540977110924
0.157476591919
-0.161145558448
0.0406955250429
-0.0991358704725
0.195441525988
0.159843415211
0.205980078834
-0.216936790312
0.189530802373
0.0903374287531
0.220172912245
-0.0284950456533
0.195250090813
0.0669287980902
0.184701988097
0.210199430288
0.078212442364
0.122316596447
-0.0342555172118
-0.146749097736
-0.206055561026
-0.0591084312419
-0.129198683469
0.116102849136
-0.199643415496
-0.0992727358591
0.188454036002
0.108998750911
-0.0271865532376
-0.0287582737222
0.0518091452064
-0.15993630129
-0.00408061786269
0.0299680301793
-0.0530026685993
-0.209246723365
0.169062345572
-0.194713161471
-0.132714652742
0.0314101055621
-0.120670872841
0.110239062246
0.102564651004
0.129481890579
-0.18684157572
-0.0573411032518
-0.117078441224
0.189040426204
0.0701537601336
0.0192457913643
-0.103072786927
-0.0227943680443
-0.0765297931316
0.0175938084001
-0.136037460389
-0.133069745539
-0.157310721067
0.216085736847
-0.151250132843
-0.0412644167495
-0.00289742271526
0.153847534769
-0.103741161565
-0.173818305541
0.149696382414
0.137812907454
0.155587849078
-0.0765506932647
-0.00146733613306
-0.0981477471515
0.177680365849
0.221996331853
-0.0341137390673
-0.0348417660204
-0.0790588376109
0.0791759075485
0.108549900285
-0.0031891500473
-0.202598904512
0.00586947315313
-0.221135948881
0.129097278267
0.0701165756007
0.193823366128
-0.156446253667
-0.0930072157023
-0.110708654705
0.0117495649813
0.0721490072809
0.142901409416
-0.0489782428024
-0.0243072921474
-0.100703208838
0.182224560338
0.145555887773
-0.0348670870648
-0.0565617376452
-0.0632010768739
-0.0107308811628
-0.119280088698
-0.00487033166381
-0.0629905627875
-0.177845086098
-0.212839228267
-0.0577783277539
-0.106609835688
0.0142524954394
-0.208811679641
0.0994902807025
-0.0368711680916
-0.0535217929726
-0.0931518279803
-0.0991187228868
0.140765082712
0.219710466663
-0.02212922131
-0.0534112637798
0.0308590665832
0.181504104756
0.147891658129
0.0733957347945
0.0167876288942
-0.203613061676
0.0513893041862
-0.0268878176281
0.0196944006746
0.0689771345265
-0.194165164955
0.0690844940557
0.175132472665
-0.0881366649765
-0.0622131076521
0.12008793444
0.184974161138
-0.193570556665
-0.133167065528
0.167590047798
-0.0658861080498
-0.0744513934722
0.207488452231
0.0765006306676
-0.196324656651
-0.0617608418682
0.00134302125842
-0.0499902816891
-0.00531766946229
-0.20766098449
0.0832624228327
-0.00207097401613
-0.0161121339506
0.041470524862
0.0378564852743
0.130841483908
-0.0741421027472
0.0400744355846
-0.117762371181
-0.219743940328
-0.054990523119
0.12413975868
-0.0850894524252
0.0255531757755
-0.192416968557
-0.0365002075573
0.172581521221
-0.0988201937215
0.0475836856504
-0.227196511351
-0.222162094795
-0.0506397341896
0.0154573106817
-0.219844260108
0.0949685793244
0.00918371241723
-0.146226768224
-0.0574334461613
0.157847400383
0.00426842641582
0.0349972789763
0.0461415192259
-0.210059317597
-0.0748544257017
-0.196910181919
0.134747673337
0.0256364204437
-0.0879910277717
0.174636434525
-0.12612459243
-0.0862225834548
-0.0555652340323
-0.0502530905456
0.184002064245
-0.0389988486984
0.0399525272533
0.211351858167
-0.0561904205411
-0.181902868685
0.0701617860139
0.152752276946
0.0595137024389
0.0252742574159
-0.124606807753
0.0223874231493
-0.0356608633442
0.125399335584
0.102896105009
-0.215791945335
0.084922295324
0.0552449801291
-0.139164791394
-0.0574952513673
-0.011647711733
0.000110360858401
0.0516129182763
-0.216906134922
-0.068181726615
-0.186157238049
0.217645090924
-0.149056593357
0.141731871881
0.11458270282
0.0014260771962
-0.0356928973885
-0.0965159589362
0.0609841985469
0.0205968960257
-0.140701637786
-0.110029087484
0.00168726797483
0.0241643058146
0.0274117669055
0.0913275979444
0.157954869862
0.0479941676982
-0.103982952767
-0.0072026041959
0.00938209084488
-0.161774097099
0.0981170028785
-0.107777404515
0.161720447555
-0.0723454336789
0.0979146290545
0.1124430791
0.061010390523
-0.0896762305922
-0.0632800075785
0.133466880775
-0.0439791856448
-0.137935706929
0.221808827904
0.0258102327248
-0.0692085830075
0.191110660824
-0.139965970264
0.0504245701962
0.117366800282
0.218712844054
0.0195886611655
0.0153687086874
-0.0350768869623
0.0847950027479
-0.0475752673832
0.160502284849
-0.188967301094
-0.125154495723
-0.0541936651971
0.20234031053
-0.221039887394
-0.0930389192117
-0.129195624484
0.210465363898
-0.0772866521616
-0.0665437346141
-0.160513791852
0.0520749084017
0.00338053303228
-0.180530869248
-0.0550951420703
-0.0694466302594
-0.0305111590669
-0.0197196442567
0.00586113478519
0.18035352943
0.00858823734585
-0.0954057163156
-0.178344378956
0.124945743705
0.120383687951
-0.0594249265669
0.0783964563975
-0.0268477808632
0.053561231238
0.0649451343325
-0.0103354831727
-0.0947854894975
-0.193197190328
-0.0424697040338
-0.0337726471666
0.110578920736
0.0104957297674
0.153553643223
0.131991043718
-0.200125017913
0.0134055858584
-0.162583161456
-0.184289389725
0.0342980963257
-0.188469221214
-0.0340619037536
0.00902464251301
-0.194296617313
0.0534683898242
0.210719779912
0.172821921313
-0.0558374080231
0.027632279697
-0.167902333519
-0.0483656225372
0.062932927568
0.21453646246
0.0758488214796
0.154484159089
-0.0267912928434
-0.208521960444
-0.221050273486
0.0994337612362
0.164438458581
0.082561019229
-0.197414372236
0.153172281148
-0.213226460815
-0.172834512462
-0.0016180099423
0.105524303358
-0.122528346686
-0.0955091897257
0.0960156506469
-0.163974288661
-0.0843284388379
-0.0873707207328
0.224429603264
-0.195212069824
-0.142857146433
-0.168611052294
0.0252393663655
-0.0659466366204
0.211967454228
0.144958112038
-0.192062463991
0.0506113181612
-0.207821594304
0.0835382195483
-0.00307499384466
0.137168190114
-0.128550084192
0.101458253795
-0.215648427229
-0.118469681128
0.0371167811757
-0.129178388231
-0.151086232599
-0.0931261491162
-0.182260856999
-0.205607798591
0.157432746195
-0.0885173892789
0.117970385151
0.224295227313
-0.0826257463246
-0.151844142508
-0.154139818521
0.105811176766
-0.219079975124
0.00132974580646
0.209428560728
-0.217104853431
0.056453142876
-0.150643990909
0.0386996214309
0.0748562039858
0.0847717297884
0.0561681046501
0.214703517856
0.108161295728
0.204247696255
0.0829666195342
0.0941568643549
0.120628198623
-0.20386732079
0.188602157763
-0.00134204828885
-0.0814024817759
0.224151917607
-0.138119407476
0.16496114071
-0.212752281991
0.0612276491051
0.00143062066496
0.123308387069
0.219366451747
-0.0731695113447
0.0630965669006
-0.125185050169
0.106487522046
-0.0916423463455
-0.0258168809758
0.166777076127
0.146171683784
0.16496951897
-0.114599531736
0.0915111220856
-0.00269994465575
0.0684590530308
0.187151869037
-0.0434994703685
-0.141528857431
-0.0363255033186
-0.191361332312
-0.0836735697244
-0.187990594907
-0.036549450473
0.0880213398716
0.01484450924
-0.17103597868
0.114565842979
0.218146988154
0.174451769231
-0.141071834468
0.219890427085
-0.0549491049693
0.185744036517
0.157635645314
0.123481849848
-0.00788265759611
-0.13080638746
0.0288287603482
-0.0845970653734
-0.138559742411
-0.125512212812
-0.118466384987
0.0153398474056
-0.0178501225955
0.143233315061
-0.223910472483
0.189996967029
-0.212251146437
0.0158773081738
0.104010012437
0.222360657556
-0.0140027541403
0.192384692594
0.0781163126232
0.05499832005
-0.20084355155
-0.171193665103
0.0772008322752
-0.190657652918
0.173063664967
-0.216762375004
0.0807804493042
-0.0202543402058
-0.033645220103
-0.0379229057888
0.00976713410289
0.215781116207
0.0549479449921
0.0958316327619
0.0726375946244
-0.0802524304525
-0.114257845714
-0.148565487913
0.137930100111
-0.0450834517753
0.127124633346
-0.0642085321672
-0.0499869993117
-0.12048685406
-0.00976409342178
-0.119141622073
-0.0353218418753
0.0490095653663
-0.0300525934755
-0.200585426296
0.0501534189118
-0.163879632322
0.0989723445655
-0.0601119237274
0.132948175107
-0.088744738889
-0.0478312068304
0.00505390754473
0.184775920578
0.0486214866308
-0.0489531602022
-0.102044290446
-0.206915615858
-0.0413695217594
-0.0712007922343
-0.160463710395
-0.186354768296
-0.0781742723914
0.171674506916
-0.1197738996
-0.123021426326
0.104427750648
-0.00703741650966
-0.122382190884
-0.0211863106799
0.122662612081
0.0764567135815
-0.149455751369
0.161450464117
0.150931677384
-0.0768617462317
0.130347122846
0.0655714850656
-0.0441729177488
0.0464141332197
-0.197784042369
0.124309611951
0.224156910506
-0.0693109036419
0.213402877946
0.0430152636271
0.183616512152
-0.197987959465
0.0463397658205
-0.111142357393
0.147429930821
-0.178603866097
0.0298157213366
0.0442603411796
-0.0766419251256
0.197457104954
-0.148757121166
0.148907737905
0.0127544126155
0.122841680148
-0.0452256121492
0.0908215670717
0.132122118857
0.1555097856
-0.0780108003765
-0.098092222711
0.026927444028
0.178076931762
0.116708237101
-0.08416186369
-0.209250982407
0.131602378417
-0.0569333523065
-0.129686778196
-0.22730675753
0.00676672866889
0.198863465658
0.0157086610284
-0.131973265186
-0.0546681380557
-0.12967556194
-0.190184943401
0.0355006253578
0.217546821157
0.0171588728482
0.164395442928
0.0906895263799
0.213609151409
0.0974885941285
-0.0538818001839
-0.137254373975
0.223956405336
-0.0785528895447
-0.041463485724
0.110546876897
-0.140080386444
-0.171765333661
-0.0715766214888
0.179265328236
-0.0451683723866
-0.12212736573
-0.167202952378
-0.170922212126
0.0522186332605
0.0847155957596
0.0272257799491
-0.00190310503155
-0.105787037945
-0.00455902923238
0.192897761041
0.167927641945
-0.0998528048654
0.0713309694324
0.218497530438
0.0643644701473
0.16030460732
0.184373662085
-0.163444032476
-0.0897033181448
-0.196671181183
-0.0487039931251
0.197084954433
0.0360666415035
0.197136605705
-0.146794084941
0.17655362041
-0.0268294324308
0.194244498653
-0.169800617673
0.0591229900253
0.0517154773914
0.166613947587
-0.0260794173904
0.177964474981
0.107672531523
-0.176993250008
-0.121805829402
0.115497763255
0.193590409675
0.194313583066
0.114629595933
0.0832599949134
0.107936291866
-0.200015494857
0.128504642653
0.0223283732698
-0.138261424843
-0.0424767570746
-0.0230147789656
-0.197803250086
0.028553516395
0.0729814720371
0.0350584147294
-0.140901875348
0.197083852173
0.0894399534621
0.0839567101485
0.110449175843
-0.139639602056
0.195435182075
0.121265165277
0.14412486494
0.12549599415
-0.180421503396
-0.155708553038
0.223582809759
0.170512132639
0.195915108046
0.0148532066181
-0.0596300082234
0.140151348777
0.214564458781
0.159044103241
0.150969986084
-0.0799695526046
0.0219604229412
-0.0384457380902
-0.134632763772
0.193925990602
0.0391504010981
0.110214535262
0.0711564295864
-0.036489080389
0.226768324673
0.161463151086
-0.0162868217577
-0.125198034449
0.0738198912015
-0.148987270327
-0.129449395631
0.133248596046
0.189303021512
-0.118026647433
-0.18992148146
0.0536795344272
-0.0895182605119
0.0907874024262
0.0914965666146
-0.132724881904
0.218171087922
0.17796222533
0.03666879244
-0.137141031595
0.0174493955759
-0.0433384427741
-0.0999572426888
-0.169736105493
0.167415080142
-0.0959846177321
-0.0679788187928
-0.0507403522052
-0.198114011593
0.122327209493
0.177392116663
-0.0110731950975
0.173937710255
0.0295597795208
0.0160062465974
-0.220322916074
-0.0603865077867
-0.186645180691
0.22052469034
-0.0160534418904
-0.14899282084
-0.115569422454
0.165423916286
-0.135320152835
0.0145123626292
0.172326871092
-0.0726397744292
0.207232758218
-0.0260692437043
-0.18310128763
0.0402392476866
0.0795413370045
-0.14156633563
0.176101909202
-0.049613278472
0.144495119702
0.0979511127242
0.022436630877
-0.0811616277283
-0.0870213091497
0.00461740584787
-0.188365933798
0.170051272344
-0.117106213498
-0.0552476762372
0.217837069712
-0.144992026728
-0.0860738602236
-0.191489769494
-0.0418431899193
-0.192916229111
-0.0590490551481
0.217381489692
0.0491690318502
-0.191726625437
0.151017480462
-0.0801036126334
0.214862815225
0.149498385358
0.167975004747
-0.0830022311921
0.0727190043476
0.0719382849099
0.0578531766716
-0.0896130924257
-0.190711488841
-0.101787375653
0.189007847851
-0.201004110547
-0.0338175495444
0.0242605225178
0.176921703184
-0.0931700273875
-0.207110624888
0.0598728114886
-0.0919073535503
-0.0957563827219
0.168869597156
-0.0269686210372
0.109435915193
-0.115013599524
-0.143258979465
-0.151705688005
0.0151718132842
-0.00918175063477
0.0364259508309
-0.111984526287
-0.188871245361
0.118831196018
0.0949970764851
0.108782633682
0.221708398124
0.00500454784582
-0.191541667303
0.189789451333
-0.00781481501956
-0.159312222354
-0.0272006928005
0.109300784942
0.218871590581
0.0571550131506
-0.0053900228604
0.138496918517
-0.0531706323467
0.0159174507623
-0.167064892921
-0.0569160872119
0.226271480858
-0.139823830308
-0.0127316701824
0.00799937025196
0.197181701397
0.0340041116862
-0.223876705404
-0.0535936250434
-0.170792370196
0.0774469234929
0.178545208319
-0.0766289461707
0.17725064354
0.194714362417
-0.0899150946891
-0.209044130578
-0.0018993885838
-0.0865874333754
0.219051270947
0.00721900996429
0.059696710735
-0.044889580404
-0.150394058648
-0.0875357521153
0.0892933595861
0.101331853703
-0.204132313465
-0.0953431656733
-0.216271419672
0.143679222673
-0.131233904377
-0.0474350749484
0.208649476452
-0.0936097933773
0.0115191066417
-0.177497361515
-0.206009910003
-0.0872622201099
-0.125399315327
0.0202719893406
0.0320174296266
-0.0563775053324
-0.0725176994229
-0.143924523102
0.170043565966
0.180081264155
0.182042295722
-0.100294625073
0.109444002682
0.20322151558
-0.0436654261122
-0.000323699690469
-0.218465151661
-0.0915221897427
-0.114940373879
0.0355680866861
0.203393148412
-0.218467571982
0.21078047482
0.14432061078
-0.0729743101595
0.0982962921142
0.105988334465
0.0499903571807
0.19843333802
0.0456005325943
0.00910863608418
-0.16661293027
-0.131707258159
0.194736071594
0.0762550930607
0.0558371279143
-0.148052157519
0.223416164415
-0.0588140788726
-0.19307585678
-0.0871918432969
-0.0617871057252
0.0328655562723
-0.0596332004993
0.0781322120737
-0.129713771551
-0.0096479198194
-0.179799235767
0.205839760682
0.226360323763
-0.0282287530604
-0.193844786878
-0.112862541385
-0.182417642846
-0.0179063828124
-0.135720571217
-0.137025520839
-0.151015041327
0.196229865633
-0.168388481995
0.191229935423
0.156137542035
-0.127771035797
0.224748784765
0.0316713855822
0.0850714369024
-0.0574302224561
-0.133489739233
-0.212579311369
-0.0100925892619
-0.100508347486
-0.0687050260928
-0.191487772274
0.0557134829832
0.218932591393
-0.00977900108453
-0.0246319631578
-0.225788621775
-0.00399186890957
-0.00150668964676
0.223656793885
-0.0638206957326
-0.0662462353683
0.123058341965
0.212998811007
0.17578615317
-0.0246306358837
0.048021268712
-0.132230483055
-0.112439720029
0.190760691005
-0.0297375289604
0.216551590145
-0.197256575228
-0.219502567952
0.101769356374
-0.183297515647
-0.0298335249142
-0.120478928654
-0.157969803376
-0.0367449521198
-0.113652582629
-0.150906329675
0.195692307067
-0.0531533636758
0.148920637305
0.0573644931481
-0.0501510280537
0.0362823896456
-0.145759031104
-0.145898074349
-0.0765818364557
-0.185565379456
0.101966029213
0.00547741461692
-0.0174197522741
0.0524481385558
-0.0799901498553
-0.13415906574
-0.136698959548
0.0698416382153
-0.134995788763
0.204805510405
-0.152519779415
0.103116734538
0.174113606002
0.0224523384993
0.21069828902
-0.143059758744
0.192731137868
-0.0971827758643
0.215932710854
-0.108017434069
-0.0994762212676
-0.211434124723
-0.0761453968807
0.0423530596403
-0.171001600417
-0.108486060207
0.0215264871227
0.100539079301
0.0125771621999
0.106791115561
0.2221752629
-0.0447203451977
0.149632293264
-0.174781970557
0.0702866478606
-0.121199336095
-0.0470254839398
0.0502741745802
0.0970272916464
-0.0479894904188
0.203229691465
0.180094968314
-0.0489411955658
0.017831012015
0.120162710145
-0.119463094005
-0.145004104388
-0.0140043275897
-0.0294856841529
-0.208447640441
0.193918112512
-0.115554250662
-0.0817951095625
0.0243396053494
0.032228129574
-0.0623464787333
0.133719426984
-0.170459966803
0.125312173508
0.0399302078239
0.00361078561668
-0.149872272109
-0.183569561138
0.135893390854
0.0529150776745
-0.163803142592
0.0943665916109
-0.146941257962
-0.0566243414934
-0.128206007912
-0.107252639111
-0.0330617147718
0.0699175743856
0.133304805765
-0.0143225508441
0.0450790134014
-0.157024799178
0.10344525323
0.14636601532
0.200538836709
-0.0601634803031
-0.138256306149
-0.141131527541
0.124858826993
0.197315277742
-0.193568618762
0.0185489355625
-0.172369777333
0.0142158723427
0.189025168621
-0.151465550105
-0.221571105479
-0.0100971097938
-0.128008683896
0.190806342147
0.21724761332
-0.164520469142
-0.1869976803
0.102248810712
-0.12118282961
-0.0245947832555
0.141386878496
0.21211621002
-0.138707492285
0.0643029351895
0.0389590961638
0.161329538502
0.21452308268
0.0380760847667
-0.0936049868554
0.208968354903
-0.0967706194999
0.192900421616
-0.0833013533535
-0.182807976194
0.0305721523453
-0.20030581117
-0.170711355872
-0.141283071965
0.189042893919
-0.135032975614
-0.124866465507
-0.192359799761
0.191627135934
-0.0574167053384
-0.0959955868538
0.0644056966309
-0.221588074394
0.103932871793
0.197648502551
-0.0844386434122
0.0563029088212
0.222888133491
-0.0788422848772
-0.0763801290837
0.0235863432968
0.215187815946
-0.0779982659782
-0.150103278384
0.176665426214
0.0469964673525
0.00203056919244
0.195639970968
-0.218407515128
-0.110196434966
-0.0989886608366
-0.0967287044193
-0.0312788501273
-0.204018292889
-0.164628904765
-0.125925751404
0.0511463696084
-0.120797016753
0.0565015714377
0.124522483563
0.037052174175
0.193807875998
0.0297036639943
-0.207190686807
-0.0641820130366
-0.0660970402831
-0.203472163358
0.16604084157
0.06232652989
0.0437863867746
-0.103074880094
0.0875386808488
0.136334508069
0.159757564117
-0.165420366039
0.146250015013
0.15258563392
0.164382959736
-0.116117776405
0.0206422788967
0.00791618982705
-0.00234994245564
-0.0169201456454
-0.116273593269
-0.209863491723
0.190348928265
0.0979292552924
0.114945842161
-0.21930708225
-0.0859716607394
0.173276613378
0.194254656605
-0.146337784114
0.0216972949322
-0.00685017345236
-0.0209894890795
0.135399218346
0.217867802755
-0.0394662798468
-0.197444242367
-0.0323996195907
0.219504185525
0.143526899578
-0.178656590114
